0.000000000000000000e+00
0.000000000000000000e+00
6.912442396313364656e-02
1.229946524064171182e-01
1.565656565656565746e-01
2.195121951219512202e-01
1.977401129943502922e-01
2.437810945273631846e-01
2.570093457943924964e-01
2.783505154639175361e-01
3.096446700507614058e-01
2.450980392156862642e-01
2.550000000000000044e-01
2.944162436548223294e-01
2.777777777777777901e-01
3.108808290155440357e-01
3.116279069767441956e-01
4.047619047619047672e-01
2.872928176795579991e-01
2.751322751322751170e-01
3.471502590673575250e-01
3.396226415094339424e-01
3.103448275862069061e-01
3.955555555555555491e-01
2.916666666666666852e-01
4.054054054054054279e-01
4.237288135593220151e-01
4.232804232804232569e-01
4.166666666666666852e-01
4.764150943396226467e-01
4.480874316939890689e-01
4.692737430167597812e-01
5.315789473684210398e-01
4.663461538461538547e-01
3.936170212765957577e-01
5.544041450777201785e-01
5.372340425531915153e-01
5.228426395939086424e-01
5.863874345549737743e-01
5.911330049261084296e-01
5.372340425531915153e-01
5.233160621761657749e-01
6.392694063926940284e-01
6.666666666666666297e-01
6.700507614213198071e-01
6.402116402116402316e-01
6.292134831460673983e-01
6.666666666666666297e-01
7.323232323232323759e-01
7.287234042553191182e-01
7.142857142857143016e-01
6.789473684210526327e-01
7.264150943396225912e-01
6.648044692737430372e-01
7.052631578947368141e-01
6.983240223463687002e-01
7.061855670103093230e-01
7.289719626168223998e-01
7.329842931937172734e-01
7.376237623762376128e-01
6.464646464646465196e-01
7.205882352941176405e-01
6.666666666666666297e-01
6.813186813186813406e-01
7.525773195876288568e-01
7.253886010362694536e-01
7.190476190476190466e-01
6.958762886597937847e-01
7.422680412371134295e-01
7.836538461538461453e-01
7.373737373737373479e-01
7.846889952153109915e-01
8.162162162162162060e-01
7.908163265306122902e-01
6.412556053811658829e-01
7.473118279569892497e-01
7.262569832402234749e-01
7.424242424242424310e-01
7.777777777777777901e-01
7.886597938144329634e-01
7.454545454545454808e-01
7.439613526570048041e-01
7.031250000000000000e-01
7.557603686635944173e-01
7.236180904522613311e-01
7.362637362637363125e-01
8.029556650246305605e-01
7.191011235955055980e-01
6.588785046728972139e-01
7.688172043010752521e-01
7.472527472527472625e-01
7.224880382775119569e-01
7.184466019417475868e-01
7.391304347826086474e-01
7.661691542288556755e-01
8.042328042328041882e-01
6.666666666666666297e-01
6.830601092896174675e-01
8.000000000000000444e-01
7.360406091370558235e-01
