0.000000000000000000e+00
5.333333333333333676e-02
9.478672985781989857e-02
6.598984771573604413e-02
8.629441624365481733e-02
2.216748768472906472e-01
1.005025125628140753e-01
1.476190476190476220e-01
1.666666666666666574e-01
1.058201058201058142e-01
1.989528795811518203e-01
1.488372093023255793e-01
1.421800947867298548e-01
7.619047619047619735e-02
0.000000000000000000e+00
0.000000000000000000e+00
1.635514018691588689e-01
1.284916201117318468e-01
3.181818181818181490e-02
1.088082901554404125e-01
1.690821256038647358e-01
4.830917874396135035e-03
1.209302325581395332e-01
1.822660098522167482e-01
1.057692307692307682e-01
5.418719211822660420e-02
1.732673267326732547e-01
1.221719457013574622e-01
1.019417475728155303e-01
1.197916666666666713e-01
1.212121212121212155e-01
1.483253588516746380e-01
1.682692307692307820e-01
2.121212121212121271e-01
1.443850267379679086e-01
2.315789473684210509e-01
1.336633663366336711e-01
1.262135922330097082e-01
3.846153846153846367e-02
2.266009852216748777e-01
2.602040816326530726e-01
1.036036036036036001e-01
1.356783919597989996e-01
1.449275362318840632e-01
1.451612903225806550e-01
9.722222222222222376e-02
1.534653465346534629e-01
8.374384236453201458e-02
1.160220994475138073e-01
1.030927835051546337e-01
1.979166666666666574e-01
3.208556149732620655e-02
1.368421052631579038e-01
2.433862433862433727e-01
2.062780269058296090e-01
1.279620853080568610e-01
7.511737089201878104e-02
2.179487179487179516e-01
1.243781094527363212e-01
1.133004926108374388e-01
3.883495145631067624e-02
6.796116504854368690e-02
1.345291479820627800e-01
1.857142857142857206e-01
3.141361256544502462e-02
1.100917431192660612e-01
9.230769230769231282e-02
7.106598984771574090e-02
1.464646464646464641e-01
1.408450704225352179e-01
1.490384615384615363e-01
4.878048780487805047e-02
1.105263157894736809e-01
1.212121212121212155e-01
1.712962962962963076e-01
1.531100478468899462e-01
9.042553191489362263e-02
1.111111111111111049e-01
8.947368421052631637e-02
1.851851851851851749e-01
1.244019138755980830e-01
2.186046511627907085e-01
2.772727272727272818e-01
1.483516483516483520e-01
1.139896373056994844e-01
1.428571428571428492e-01
1.805555555555555525e-01
2.238805970149253810e-01
1.538461538461538547e-01
6.565656565656566301e-02
1.055276381909547728e-01
1.191709844559585424e-01
1.609756097560975652e-01
1.237623762376237613e-01
2.153110047846890085e-01
1.980676328502415373e-01
1.935483870967741882e-01
1.285714285714285587e-01
1.304347826086956486e-01
9.090909090909091161e-02
