5.649717514124293766e-02
2.512562814070351883e-02
4.608294930875576033e-03
3.240740740740740561e-02
2.475247524752475364e-02
3.045685279187817368e-02
6.572769953051643688e-02
8.920187793427229728e-02
6.666666666666666574e-02
4.526748971193415849e-02
1.553398058252427050e-01
6.698564593301435666e-02
1.483516483516483520e-01
1.146788990825688137e-01
1.078431372549019662e-01
1.304347826086956486e-01
8.910891089108910479e-02
1.363636363636363535e-01
9.223300970873786475e-02
1.717171717171717127e-01
1.263157894736842146e-01
1.502347417840375621e-01
2.093023255813953598e-01
1.397849462365591267e-01
1.552511415525114069e-01
2.028301886792452935e-01
1.626794258373205626e-01
2.020725388601036232e-01
1.953488372093023229e-01
1.741293532338308581e-01
2.037914691943127909e-01
1.436170212765957577e-01
1.758793969849246352e-01
1.520737327188940169e-01
2.233009708737864196e-01
1.370558375634517712e-01
1.138613861386138654e-01
1.467391304347826220e-01
2.401960784313725561e-01
2.009132420091324089e-01
2.171945701357466119e-01
1.751152073732718806e-01
1.863636363636363702e-01
1.727748691099476319e-01
1.761658031088082776e-01
1.718750000000000000e-01
1.623036649214659732e-01
2.443181818181818232e-01
2.139037433155080159e-01
2.196261682242990620e-01
2.200000000000000011e-01
2.037037037037036924e-01
1.611111111111111216e-01
2.385786802030456788e-01
1.697247706422018443e-01
1.980676328502415373e-01
1.928934010152284217e-01
1.972477064220183596e-01
1.928934010152284217e-01
1.761658031088082776e-01
2.054794520547945091e-01
1.642512077294686068e-01
1.658536585365853744e-01
2.105263157894736725e-01
1.875000000000000000e-01
2.098214285714285754e-01
2.078651685393258508e-01
1.710526315789473728e-01
2.028301886792452935e-01
1.199999999999999956e-01
1.964285714285714246e-01
1.507537688442210921e-01
2.200956937799043167e-01
2.341463414634146478e-01
1.847826086956521618e-01
2.193877551020408101e-01
2.270270270270270396e-01
2.424242424242424310e-01
2.288557213930348389e-01
2.171717171717171824e-01
1.683673469387755028e-01
1.513513513513513598e-01
2.052631578947368418e-01
2.450980392156862642e-01
2.639593908629441765e-01
2.429906542056074759e-01
2.234042553191489255e-01
1.962616822429906482e-01
1.553398058252427050e-01
2.343750000000000000e-01
2.419354838709677491e-01
1.648351648351648324e-01
1.333333333333333315e-01
2.142857142857142738e-01
2.020202020202020166e-01
2.340425531914893664e-01
1.725888324873096347e-01
2.535211267605633756e-01
1.527093596059113378e-01
2.063492063492063378e-01
