0.000000000000000000e+00
0.000000000000000000e+00
1.021505376344086086e-01
1.455399061032863761e-01
1.911111111111111205e-01
2.380952380952380820e-01
1.069518716577540079e-01
1.860465116279069742e-01
1.767676767676767680e-01
2.118226600985221586e-01
1.734693877551020391e-01
1.256038647342995196e-01
1.574074074074074125e-01
1.973094170403587311e-01
2.040816326530612290e-01
3.259668508287292821e-01
3.192488262910798125e-01
2.925531914893617080e-01
4.602272727272727071e-01
2.663316582914572739e-01
3.233830845771144546e-01
3.743589743589743613e-01
4.179104477611940149e-01
3.582887700534759245e-01
3.267326732673267453e-01
4.666666666666666741e-01
4.410256410256410131e-01
4.143646408839778972e-01
4.038461538461538547e-01
3.762376237623762387e-01
4.387755102040816202e-01
4.183673469387755306e-01
4.541484716157205281e-01
3.872549019607843257e-01
3.820754716981132337e-01
3.709677419354838745e-01
4.378109452736318463e-01
5.441860465116279411e-01
5.842696629213482984e-01
5.692307692307692069e-01
6.099999999999999867e-01
6.359447004608295151e-01
6.380952380952380487e-01
6.584158415841584455e-01
6.310160427807486316e-01
5.949999999999999734e-01
6.355140186915887446e-01
6.180904522613065444e-01
6.065573770491803351e-01
6.337209302325581550e-01
6.682692307692307265e-01
6.075268817204301230e-01
6.954314720812182493e-01
7.219251336898395710e-01
6.935483870967742437e-01
5.699999999999999512e-01
7.067307692307692735e-01
6.811594202898550998e-01
7.416267942583731898e-01
6.915887850467289377e-01
7.089947089947089554e-01
6.778846153846154188e-01
6.650246305418718862e-01
6.949999999999999512e-01
6.965174129353234322e-01
7.374301675977653625e-01
6.731707317073171160e-01
7.042253521126760063e-01
6.548223350253806752e-01
6.818181818181817677e-01
6.464646464646465196e-01
6.977777777777778301e-01
7.559808612440190867e-01
7.009803921568626972e-01
7.395833333333333703e-01
7.385321100917431325e-01
7.533039647577092213e-01
7.342995169082126017e-01
7.272727272727272929e-01
6.862745098039215730e-01
7.676767676767676241e-01
7.357512953367875141e-01
6.767241379310344751e-01
7.119565217391304879e-01
6.809523809523809756e-01
6.453201970443349644e-01
6.113989637305698999e-01
7.500000000000000000e-01
5.373134328358208922e-01
7.157360406091370919e-01
7.438423645320196842e-01
7.386934673366833959e-01
6.700000000000000400e-01
6.418604651162790331e-01
7.272727272727272929e-01
7.263681592039801238e-01
7.185929648241206058e-01
6.984924623115578157e-01
7.487179487179487225e-01
7.976878612716763461e-01
