0.000000000000000000e+00
4.145077720207254041e-02
1.167512690355329980e-01
1.701030927835051609e-01
2.475728155339805836e-01
2.000000000000000111e-01
1.991341991341991358e-01
1.650000000000000078e-01
2.930232558139534982e-01
2.437810945273631846e-01
2.685185185185185452e-01
2.893401015228426187e-01
1.887755102040816202e-01
2.932692307692307820e-01
3.865979381443299112e-01
3.877551020408163129e-01
4.858490566037735880e-01
4.477611940298507620e-01
5.343137254901960675e-01
4.642857142857143016e-01
5.488372093023256015e-01
4.171122994652406435e-01
4.769230769230769496e-01
5.189189189189189477e-01
4.512820512820512886e-01
4.215686274509803932e-01
5.175879396984924830e-01
4.574468085106382920e-01
4.879227053140096637e-01
5.303030303030302761e-01
5.168539325842697041e-01
4.660194174757281704e-01
4.884792626728110543e-01
5.340314136125654532e-01
4.137931034482758563e-01
4.766355140186915862e-01
5.309734513274336765e-01
5.512195121951219967e-01
5.841121495327102897e-01
6.062176165803109251e-01
5.789473684210526550e-01
4.772727272727272929e-01
5.045871559633027248e-01
5.384615384615384359e-01
5.282051282051282159e-01
4.554973821989528604e-01
5.162790697674418672e-01
5.909090909090909394e-01
4.315789473684210620e-01
6.473684210526315930e-01
5.099009900990099098e-01
5.476190476190476719e-01
5.434782608695651884e-01
5.647668393782383500e-01
6.030150753768843686e-01
5.000000000000000000e-01
5.756097560975609317e-01
5.833333333333333703e-01
5.495049504950495489e-01
5.380710659898476633e-01
5.142857142857142350e-01
4.829268292682926678e-01
5.612244897959183243e-01
5.637254901960784270e-01
5.440414507772021180e-01
5.771144278606965550e-01
5.210526315789473228e-01
5.175879396984924830e-01
5.658536585365853133e-01
5.483870967741935054e-01
4.545454545454545303e-01
5.833333333333333703e-01
5.679611650485436591e-01
4.902912621359223344e-01
6.188118811881188064e-01
5.459183673469387710e-01
5.454545454545454142e-01
6.540084388185654074e-01
5.095238095238094900e-01
6.086956521739130821e-01
5.517241379310344751e-01
5.416666666666666297e-01
6.197183098591548811e-01
6.172248803827751207e-01
5.450450450450450290e-01
6.299559471365638874e-01
6.428571428571429047e-01
5.813953488372093359e-01
5.945945945945946276e-01
5.767441860465116754e-01
6.446700507614213649e-01
5.906976744186046568e-01
5.585106382978722861e-01
5.048076923076922906e-01
6.372093023255813726e-01
6.028037383177570208e-01
4.696132596685083094e-01
5.025125628140703071e-01
5.700934579439251859e-01
5.161290322580645018e-01
